List B11_DATA = [
  2.9612448e+00, 2.4614274e+00, 1.9622302e+00, 1.4662112e+00, 9.8092659e-01, 5.2973502e-01, 1.4624567e-01, -1.3451453e-01, -3.0006636e-01, -3.5804775e-01, -3.3763267e-01, -2.7114903e-01, -1.8509321e-01, -9.5084745e-02, -1.3696896e-02, 4.9352276e-02, 8.8985590e-02, 1.0488509e-01, 9.8859467e-02, 7.5549481e-02, 4.0897942e-02, 1.2092443e-03, -3.7458357e-02, -7.0600560e-02, -9.5868858e-02, -1.1321228e-01, -1.2431955e-01, -1.3079187e-01, -1.3436155e-01, -1.3620663e-01, -1.3710524e-01, -1.3751880e-01, -1.3772176e-01, -1.3781634e-01, -1.3785354e-01, -1.3786695e-01,
  2.4614274e+00, 2.4616099e+00, 1.9624127e+00, 1.4663935e+00, 9.8110802e-01, 5.2991377e-01, 1.4641805e-01, -1.3435401e-01, -2.9992363e-01, -3.5792800e-01, -3.3753916e-01, -2.7108285e-01, -1.8505363e-01, -9.5069416e-02, -1.3701730e-02, 4.9332817e-02, 8.8957885e-02, 1.0485529e-01, 9.8833090e-02, 7.5530771e-02, 4.0889582e-02, 1.2122776e-03, -3.7444434e-02, -7.0577405e-02, -9.5838710e-02, -1.1317735e-01, -1.2428157e-01, -1.3075211e-01, -1.3432082e-01, -1.3616538e-01, -1.3706375e-01, -1.3747720e-01, -1.3768011e-01, -1.3777465e-01, -1.3781185e-01, -1.3782526e-01,
  1.9622302e+00, 1.9624127e+00, 1.9632153e+00, 1.4671951e+00, 9.8190609e-01, 5.3070003e-01, 1.4717628e-01, -1.3364791e-01, -2.9929575e-01, -3.5740115e-01, -3.3712768e-01, -2.7079153e-01, -1.8487926e-01, -9.5001711e-02, -1.3722711e-02, 4.9247482e-02, 8.8836224e-02, 1.0472434e-01, 9.8717088e-02, 7.5448380e-02, 4.0852599e-02, 1.2252973e-03, -3.7383613e-02, -7.0476056e-02, -9.5706664e-02, -1.1302432e-01, -1.2411514e-01, -1.3057787e-01, -1.3414228e-01, -1.3598463e-01, -1.3688192e-01, -1.3729487e-01, -1.3749753e-01, -1.3759196e-01, -1.3762912e-01, -1.3764250e-01,
  1.4662112e+00, 1.4663935e+00, 1.4671951e+00, 1.4711701e+00, 9.8586339e-01, 5.3459878e-01, 1.5093619e-01, -1.3014629e-01, -2.9618166e-01, -3.5478769e-01, -3.3508593e-01, -2.6934522e-01, -1.8401258e-01, -9.4663773e-02, -1.3824539e-02, 4.8826325e-02, 8.8234479e-02, 1.0407583e-01, 9.8141880e-02, 7.5038884e-02, 4.0667270e-02, 1.2869725e-03, -3.7085741e-02, -6.9977890e-02, -9.5056774e-02, -1.1227070e-01, -1.2329525e-01, -1.2971943e-01, -1.3326260e-01, -1.3509397e-01, -1.3598591e-01, -1.3639640e-01, -1.3659786e-01, -1.3669173e-01, -1.3672866e-01, -1.3674197e-01,
  9.8092659e-01, 9.8110802e-01, 9.8190609e-01, 9.8586339e-01, 1.0004914e+00, 5.4901067e-01, 1.6483562e-01, -1.1720024e-01, -2.8466611e-01, -3.4512020e-01, -3.2752906e-01, -2.6398690e-01, -1.8079475e-01, -9.3399102e-02, -1.4185225e-02, 4.7284083e-02, 8.6022015e-02, 1.0168648e-01, 9.6018294e-02, 7.3521971e-02, 3.9972884e-02, 1.4997959e-03, -3.6004979e-02, -6.8160912e-02, -9.2682011e-02, -1.0951456e-01, -1.2029545e-01, -1.2657786e-01, -1.3004290e-01, -1.3183392e-01, -1.3270621e-01, -1.3310766e-01, -1.3330468e-01, -1.3339648e-01, -1.3343260e-01, -1.3344562e-01,
  5.2973502e-01, 5.2991377e-01, 5.3070003e-01, 5.3459878e-01, 5.4901067e-01, 5.9681528e-01, 2.1094519e-01, -7.4244254e-02, -2.4644235e-01, -3.1301066e-01, -3.0240347e-01, -2.4613775e-01, -1.7003195e-01, -8.9105589e-02, -1.5280295e-02, 4.2264235e-02, 7.8764442e-02, 9.3819355e-02, 8.9003199e-02, 6.8485382e-02, 3.7629292e-02, 2.1315422e-03, -3.2524289e-02, -6.2262448e-02, -8.4951209e-02, -1.0053067e-01, -1.1051090e-01, -1.1632743e-01, -1.1953574e-01, -1.2119411e-01, -1.2200183e-01, -1.2237356e-01, -1.2255600e-01, -1.2264101e-01, -1.2267445e-01, -1.2268650e-01,
  1.4624567e-01, 1.4641805e-01, 1.4717628e-01, 1.5093619e-01, 1.6483562e-01, 2.1094519e-01, 3.2105477e-01, 2.8384653e-02, -1.5504067e-01, -2.3611838e-01, -2.4208956e-01, -2.0310399e-01, -1.4383704e-01, -7.8298797e-02, -1.7315627e-02, 3.0838400e-02, 6.1928604e-02, 7.5417649e-02, 7.2489631e-02, 5.6526269e-02, 3.1921880e-02, 3.3564937e-03, -2.4649566e-02, -4.8738435e-02, -6.7143132e-02, -7.9791711e-02, -8.7898794e-02, -9.2625210e-02, -9.5232741e-02, -9.6580723e-02, -9.7237311e-02, -9.7539507e-02, -9.7687815e-02, -9.7756922e-02, -9.7784112e-02, -9.7793910e-02,
  -1.3451453e-01, -1.3435401e-01, -1.3364791e-01, -1.3014629e-01, -1.1720024e-01, -7.4244254e-02, 2.8384653e-02, 2.2179254e-01, 1.7466710e-02, -9.0632230e-02, -1.2749377e-01, -1.2072988e-01, -9.2893621e-02, -5.6127294e-02, -1.9233310e-02, 1.1189829e-02, 3.1889517e-02, 4.2085104e-02, 4.2250548e-02, 3.4324495e-02, 2.0923669e-02, 4.8631291e-03, -1.1109526e-02, -2.4956438e-02, -3.5585656e-02, -4.2911089e-02, -4.7614679e-02, -5.0359853e-02, -5.1875327e-02, -5.2659047e-02, -5.3040883e-02, -5.3216650e-02, -5.3302915e-02, -5.3343111e-02, -5.3358926e-02, -5.3364625e-02,
  -3.0006636e-01, -2.9992363e-01, -2.9929575e-01, -2.9618166e-01, -2.8466611e-01, -2.4644235e-01, -1.5504067e-01, 1.7466710e-02, 2.8175082e-01, 1.3304589e-01, 4.9728877e-02, 7.9832612e-03, -1.1569087e-02, -1.8290054e-02, -1.7975225e-02, -1.4729285e-02, -1.0335315e-02, -5.9162686e-03, -2.0293645e-03, 1.1477763e-03, 3.6201254e-03, 5.4620836e-03, 6.8037129e-03, 7.7363782e-03, 8.3469335e-03, 8.7245478e-03, 8.9493423e-03, 9.0742571e-03, 9.1411348e-03, 9.1751162e-03, 9.1914719e-03, 9.1989453e-03, 9.2026063e-03, 9.2043123e-03, 9.2049835e-03, 9.2052254e-03,
  -3.5804775e-01, -3.5792800e-01, -3.5740115e-01, -3.5478769e-01, -3.4512020e-01, -3.1301066e-01, -2.3611838e-01, -9.0632230e-02, 1.3304589e-01, 4.3177132e-01, 2.8824868e-01, 1.8354236e-01, 1.0235890e-01, 3.8888576e-02, -8.8336703e-03, -4.1727260e-02, -5.9684071e-02, -6.4228335e-02, -5.7187677e-02, -4.1385618e-02, -2.0091631e-02, 3.3316822e-03, 2.5708956e-02, 4.4678232e-02, 5.9041821e-02, 6.8860261e-02, 7.5131300e-02, 7.8779489e-02, 8.0789515e-02, 8.1827841e-02, 8.2333343e-02, 8.2565931e-02, 8.2680069e-02, 8.2733254e-02, 8.2754179e-02, 8.2761720e-02,
  -3.3763267e-01, -3.3753916e-01, -3.3712768e-01, -3.3508593e-01, -3.2752906e-01, -3.0240347e-01, -2.4208956e-01, -1.2749377e-01, 4.9728877e-02, 2.8824868e-01, 5.7568039e-01, 3.9862903e-01, 2.4644055e-01, 1.1730199e-01, 1.3541780e-02, -6.2176674e-02, -1.0759630e-01, -1.2463794e-01, -1.1648707e-01, -8.8856334e-02, -4.8604714e-02, -2.8640085e-03, 4.1530095e-02, 7.9506162e-02, 1.0842045e-01, 1.2825169e-01, 1.4094486e-01, 1.4833884e-01, 1.5241581e-01, 1.5452278e-01, 1.5554885e-01, 1.5602104e-01, 1.5625277e-01, 1.5636075e-01, 1.5640323e-01, 1.5641854e-01,
  -2.7114903e-01, -2.7108285e-01, -2.7079153e-01, -2.6934522e-01, -2.6398690e-01, -2.4613775e-01, -2.0310399e-01, -1.2072988e-01, 7.9832612e-03, 1.8354236e-01, 3.9862903e-01, 6.4556992e-01, 4.1850580e-01, 2.1969829e-01, 5.5828043e-02, -6.6790674e-02, -1.4367848e-01, -1.7707822e-01, -1.7145234e-01, -1.3532685e-01, -7.9077953e-02, -1.3532984e-02, 5.0829067e-02, 1.0625095e-01, 1.4861365e-01, 1.7773807e-01, 1.9640709e-01, 2.0729207e-01, 2.1329710e-01, 2.1640140e-01, 2.1791346e-01, 2.1860939e-01, 2.1895093e-01, 2.1911007e-01, 2.1917269e-01, 2.1919525e-01,
  -1.8509321e-01, -1.8505363e-01, -1.8487926e-01, -1.8401258e-01, -1.8079475e-01, -1.7003195e-01, -1.4383704e-01, -9.2893621e-02, -1.1569087e-02, 1.0235890e-01, 2.4644055e-01, 4.1850580e-01, 6.1731255e-01, 3.4896978e-01, 1.2423345e-01, -4.7137282e-02, -1.5852123e-01, -2.1235183e-01, -2.1414935e-01, -1.7491445e-01, -1.0814845e-01, -2.7965531e-02, 5.1836838e-02, 1.2107065e-01, 1.7422243e-01, 2.1086155e-01, 2.3438586e-01, 2.4811556e-01, 2.5569429e-01, 2.5961337e-01, 2.6152271e-01, 2.6240161e-01, 2.6283295e-01, 2.6303394e-01, 2.6311302e-01, 2.6314152e-01,
  -9.5084745e-02, -9.5069416e-02, -9.5001711e-02, -9.4663773e-02, -9.3399102e-02, -8.9105589e-02, -7.8298797e-02, -5.6127294e-02, -1.8290054e-02, 3.8888576e-02, 1.1730199e-01, 2.1969829e-01, 3.4896978e-01, 5.1455196e-01, 2.3067001e-01, 1.0057863e-02, -1.3874252e-01, -2.1814932e-01, -2.3436267e-01, -2.0023422e-01, -1.3165638e-01, -4.5263638e-02, 4.2470405e-02, 1.1942316e-01, 1.7887315e-01, 2.2000953e-01, 2.4648233e-01, 2.6195491e-01, 2.7050254e-01, 2.7492464e-01, 2.7707971e-01, 2.7807190e-01, 2.7855887e-01, 2.7878578e-01, 2.7887506e-01, 2.7890723e-01,
  -1.3696896e-02, -1.3701730e-02, -1.3722711e-02, -1.3824539e-02, -1.4185225e-02, -1.5280295e-02, -1.7315627e-02, -1.9233310e-02, -1.7975225e-02, -8.8336703e-03, 1.3541780e-02, 5.5828043e-02, 1.2423345e-01, 2.3067001e-01, 3.9185490e-01, 1.2273042e-01, -6.6616244e-02, -1.7829088e-01, -2.1860729e-01, -2.0131264e-01, -1.4355960e-01, -6.3321324e-02, 2.1258996e-02, 9.6897877e-02, 1.5597061e-01, 1.9711126e-01, 2.2369018e-01, 2.3926207e-01, 2.4787608e-01, 2.5233587e-01, 2.5451041e-01, 2.5551186e-01, 2.5600342e-01, 2.5623247e-01, 2.5632259e-01, 2.5635506e-01,
  4.9352276e-02, 4.9332817e-02, 4.9247482e-02, 4.8826325e-02, 4.7284083e-02, 4.2264235e-02, 3.0838400e-02, 1.1189829e-02, -1.4729285e-02, -4.1727260e-02, -6.2176674e-02, -6.6790674e-02, -4.7137282e-02, 1.0057863e-02, 1.2273042e-01, 3.0702700e-01, 7.4078249e-02, -7.7544608e-02, -1.5355923e-01, -1.6739567e-01, -1.3602738e-01, -7.7261742e-02, -9.6187023e-03, 5.3448456e-02, 1.0381159e-01, 1.3934291e-01, 1.6247448e-01, 1.7609010e-01, 1.8364149e-01, 1.8755678e-01, 1.8946770e-01, 1.9034827e-01, 1.9078056e-01, 1.9098199e-01, 1.9106124e-01, 1.9108980e-01,
  8.8985590e-02, 8.8957885e-02, 8.8836224e-02, 8.8234479e-02, 8.6022015e-02, 7.8764442e-02, 6.1928604e-02, 3.1889517e-02, -1.0335315e-02, -5.9684071e-02, -1.0759630e-01, -1.4367848e-01, -1.5852123e-01, -1.3874252e-01, -6.6616244e-02, 7.4078249e-02, 2.9494218e-01, 9.5614167e-02, -2.8254481e-02, -8.8443632e-02, -1.0016159e-01, -7.9391957e-02, -4.3597332e-02, -5.3035288e-03, 2.7308398e-02, 5.1134231e-02, 6.6957663e-02, 7.6382988e-02, 8.1644522e-02, 8.4382409e-02, 8.5721948e-02, 8.6340119e-02, 8.6643700e-02, 8.6785160e-02, 8.6840816e-02, 8.6860873e-02,
  1.0488509e-01, 1.0485529e-01, 1.0472434e-01, 1.0407583e-01, 1.0168648e-01, 9.3819355e-02, 7.5417649e-02, 4.2085104e-02, -5.9162686e-03, -6.4228335e-02, -1.2463794e-01, -1.7707822e-01, -2.1235183e-01, -2.1814932e-01, -1.7829088e-01, -7.7544608e-02, 9.5614167e-02, 3.4223691e-01, 1.6004265e-01, 4.0120918e-02, -2.9517042e-02, -6.1510167e-02, -7.0937930e-02, -6.8386632e-02, -6.1666185e-02, -5.5039439e-02, -5.0005401e-02, -4.6785553e-02, -4.4921123e-02, -4.3931722e-02, -4.3441305e-02, -4.3213240e-02, -4.3101024e-02, -4.3048735e-02, -4.3028162e-02, -4.3020748e-02,
  9.8859467e-02, 9.8833090e-02, 9.8717088e-02, 9.8141880e-02, 9.6018294e-02, 8.9003199e-02, 7.2489631e-02, 4.2250548e-02, -2.0293645e-03, -5.7187677e-02, -1.1648707e-01, -1.7145234e-01, -2.1414935e-01, -2.3436267e-01, -2.1860729e-01, -1.5355923e-01, -2.8254481e-02, 1.6004265e-01, 4.1168757e-01, 2.2165010e-01, 8.2371938e-02, -1.4174276e-02, -7.9567172e-02, -1.2160334e-01, -1.4735418e-01, -1.6237391e-01, -1.7095031e-01, -1.7556995e-01, -1.7800075e-01, -1.7922316e-01, -1.7980722e-01, -1.8007289e-01, -1.8020289e-01, -1.8026346e-01, -1.8028729e-01, -1.8029588e-01,
  7.5549481e-02, 7.5530771e-02, 7.5448380e-02, 7.5038884e-02, 7.3521971e-02, 6.8485382e-02, 5.6526269e-02, 3.4324495e-02, 1.1477763e-03, -4.1385618e-02, -8.8856334e-02, -1.3532685e-01, -1.7491445e-01, -2.0023422e-01, -2.0131264e-01, -1.6739567e-01, -8.8443632e-02, 4.0120918e-02, 2.2165010e-01, 4.5566170e-01, 2.3983525e-01, 7.1600303e-02, -5.6355862e-02, -1.4846245e-01, -2.1078699e-01, -2.5023628e-01, -2.7419252e-01, -2.8767801e-01, -2.9496864e-01, -2.9869426e-01, -3.0049458e-01, -3.0131920e-01, -3.0172341e-01, -3.0191175e-01, -3.0198586e-01, -3.0201256e-01,
  4.0897942e-02, 4.0889582e-02, 4.0852599e-02, 4.0667270e-02, 3.9972884e-02, 3.7629292e-02, 3.1921880e-02, 2.0923669e-02, 3.6201254e-03, -2.0091631e-02, -4.8604714e-02, -7.9077953e-02, -1.0814845e-01, -1.3165638e-01, -1.4355960e-01, -1.3602738e-01, -1.0016159e-01, -2.9517042e-02, 8.2371938e-02, 2.3983525e-01, 4.4612179e-01, 2.0446664e-01, 1.2170177e-02, -1.3157416e-01, -2.3168711e-01, -2.9640807e-01, -3.3628671e-01, -3.5895539e-01, -3.7128124e-01, -3.7760082e-01, -3.8066164e-01, -3.8206557e-01, -3.8275399e-01, -3.8307477e-01, -3.8320098e-01, -3.8324646e-01,
  1.2092443e-03, 1.2122776e-03, 1.2252973e-03, 1.2869725e-03, 1.4997959e-03, 2.1315422e-03, 3.3564937e-03, 4.8631291e-03, 5.4620836e-03, 3.3316822e-03, -2.8640085e-03, -1.3532984e-02, -2.7965531e-02, -4.5263638e-02, -6.3321324e-02, -7.7261742e-02, -7.9391957e-02, -6.1510167e-02, -1.4174276e-02, 7.1600303e-02, 2.0446664e-01, 3.9329497e-01, 1.3990940e-01, -5.2955644e-02, -1.8905931e-01, -2.7786915e-01, -3.3293280e-01, -3.6436229e-01, -3.8149266e-01, -3.9028762e-01, -3.9455139e-01, -3.9650823e-01, -3.9746789e-01, -3.9791507e-01, -3.9809101e-01, -3.9815441e-01,
  -3.7458357e-02, -3.7444434e-02, -3.7383613e-02, -3.7085741e-02, -3.6004979e-02, -3.2524289e-02, -2.4649566e-02, -1.1109526e-02, 6.8037129e-03, 2.5708956e-02, 4.1530095e-02, 5.0829067e-02, 5.1836838e-02, 4.2470405e-02, 2.1258996e-02, -9.6187023e-03, -4.3597332e-02, -7.0937930e-02, -7.9567172e-02, -5.6355862e-02, 1.2170177e-02, 1.3990940e-01, 3.3274699e-01, 9.6590271e-02, -7.1257455e-02, -1.8132449e-01, -2.4979244e-01, -2.8895694e-01, -3.1032976e-01, -3.2131067e-01, -3.2663678e-01, -3.2908190e-01, -3.3028112e-01, -3.3083992e-01, -3.3105978e-01, -3.3113901e-01,
  -7.0600560e-02, -7.0577405e-02, -7.0476056e-02, -6.9977890e-02, -6.8160912e-02, -6.2262448e-02, -4.8738435e-02, -2.4956438e-02, 7.7363782e-03, 4.4678232e-02, 7.9506162e-02, 1.0625095e-01, 1.2107065e-01, 1.1942316e-01, 9.6897877e-02, 5.3448456e-02, -5.3035288e-03, -6.8386632e-02, -1.2160334e-01, -1.4846245e-01, -1.3157416e-01, -5.2955644e-02, 9.6590271e-02, 3.2555528e-01, 1.3211959e-01, 4.9119964e-03, -7.4366705e-02, -1.1977045e-01, -1.4456561e-01, -1.5730996e-01, -1.6349312e-01, -1.6633217e-01, -1.6772466e-01, -1.6837351e-01, -1.6862879e-01, -1.6872079e-01,
  -9.5868858e-02, -9.5838710e-02, -9.5706664e-02, -9.5056774e-02, -9.2682011e-02, -8.4951209e-02, -6.7143132e-02, -3.5585656e-02, 8.3469335e-03, 5.9041821e-02, 1.0842045e-01, 1.4861365e-01, 1.7422243e-01, 1.7887315e-01, 1.5597061e-01, 1.0381159e-01, 2.7308398e-02, -6.1666185e-02, -1.4735418e-01, -2.1078699e-01, -2.3168711e-01, -1.8905931e-01, -7.1257455e-02, 1.3211959e-01, 4.1990537e-01, 2.8011590e-01, 1.9290056e-01, 1.4291590e-01, 1.1560791e-01, 1.0156872e-01, 9.4756238e-02, 9.1627930e-02, 9.0093536e-02, 8.9378556e-02, 8.9097255e-02, 8.8995880e-02,
  -1.1321228e-01, -1.1317735e-01, -1.1302432e-01, -1.1227070e-01, -1.0951456e-01, -1.0053067e-01, -7.9791711e-02, -4.2911089e-02, 8.7245478e-03, 6.8860261e-02, 1.2825169e-01, 1.7773807e-01, 2.1086155e-01, 2.2000953e-01, 1.9711126e-01, 1.3934291e-01, 5.1134231e-02, -5.5039439e-02, -1.6237391e-01, -2.5023628e-01, -2.9640807e-01, -2.7786915e-01, -1.8132449e-01, 4.9119964e-03, 2.8011590e-01, 6.3189519e-01, 5.3936094e-01, 4.8630611e-01, 4.5731394e-01, 4.4240688e-01, 4.3517261e-01, 4.3185042e-01, 4.3022091e-01, 4.2946161e-01, 4.2916287e-01, 4.2905521e-01,
  -1.2431955e-01, -1.2428157e-01, -1.2411514e-01, -1.2329525e-01, -1.2029545e-01, -1.1051090e-01, -8.7898794e-02, -4.7614679e-02, 8.9493423e-03, 7.5131300e-02, 1.4094486e-01, 1.9640709e-01, 2.3438586e-01, 2.4648233e-01, 2.2369018e-01, 1.6247448e-01, 6.6957663e-02, -5.0005401e-02, -1.7095031e-01, -2.7419252e-01, -3.3628671e-01, -3.3293280e-01, -2.4979244e-01, -7.4366705e-02, 1.9290056e-01, 5.3936094e-01, 9.4347102e-01, 8.8847917e-01, 8.5842439e-01, 8.4296978e-01, 8.3546937e-01, 8.3202486e-01, 8.3033533e-01, 8.2954806e-01, 8.2923832e-01, 8.2912670e-01,
  -1.3079187e-01, -1.3075211e-01, -1.3057787e-01, -1.2971943e-01, -1.2657786e-01, -1.1632743e-01, -9.2625210e-02, -5.0359853e-02, 9.0742571e-03, 7.8779489e-02, 1.4833884e-01, 2.0729207e-01, 2.4811556e-01, 2.6195491e-01, 2.3926207e-01, 1.7609010e-01, 7.6382988e-02, -4.6785553e-02, -1.7556995e-01, -2.8767801e-01, -3.5895539e-01, -3.6436229e-01, -2.8895694e-01, -1.1977045e-01, 1.4291590e-01, 4.8630611e-01, 8.8847917e-01, 1.3323692e+00, 1.3017010e+00, 1.2859303e+00, 1.2782762e+00, 1.2747611e+00, 1.2730370e+00, 1.2722335e+00, 1.2719174e+00, 1.2718035e+00,
  -1.3436155e-01, -1.3432082e-01, -1.3414228e-01, -1.3326260e-01, -1.3004290e-01, -1.1953574e-01, -9.5232741e-02, -5.1875327e-02, 9.1411348e-03, 8.0789515e-02, 1.5241581e-01, 2.1329710e-01, 2.5569429e-01, 2.7050254e-01, 2.4787608e-01, 1.8364149e-01, 8.1644522e-02, -4.4921123e-02, -1.7800075e-01, -2.9496864e-01, -3.7128124e-01, -3.8149266e-01, -3.1032976e-01, -1.4456561e-01, 1.1560791e-01, 4.5731394e-01, 8.5842439e-01, 1.3017010e+00, 1.7706963e+00, 1.7547522e+00, 1.7470139e+00, 1.7434600e+00, 1.7417168e+00, 1.7409046e+00, 1.7405850e+00, 1.7404698e+00,
  -1.3620663e-01, -1.3616538e-01, -1.3598463e-01, -1.3509397e-01, -1.3183392e-01, -1.2119411e-01, -9.6580723e-02, -5.2659047e-02, 9.1751162e-03, 8.1827841e-02, 1.5452278e-01, 2.1640140e-01, 2.5961337e-01, 2.7492464e-01, 2.5233587e-01, 1.8755678e-01, 8.4382409e-02, -4.3931722e-02, -1.7922316e-01, -2.9869426e-01, -3.7760082e-01, -3.9028762e-01, -3.2131067e-01, -1.5730996e-01, 1.0156872e-01, 4.4240688e-01, 8.4296978e-01, 1.2859303e+00, 1.7547522e+00, 2.2387187e+00, 2.2309370e+00, 2.2273632e+00, 2.2256102e+00, 2.2247934e+00, 2.2244720e+00, 2.2243562e+00,
  -1.3710524e-01, -1.3706375e-01, -1.3688192e-01, -1.3598591e-01, -1.3270621e-01, -1.2200183e-01, -9.7237311e-02, -5.3040883e-02, 9.1914719e-03, 8.2333343e-02, 1.5554885e-01, 2.1791346e-01, 2.6152271e-01, 2.7707971e-01, 2.5451041e-01, 1.8946770e-01, 8.5721948e-02, -4.3441305e-02, -1.7980722e-01, -3.0049458e-01, -3.8066164e-01, -3.9455139e-01, -3.2663678e-01, -1.6349312e-01, 9.4756238e-02, 4.3517261e-01, 8.3546937e-01, 1.2782762e+00, 1.7470139e+00, 2.2309370e+00, 2.7231341e+00, 2.7195506e+00, 2.7177929e+00, 2.7169738e+00, 2.7166516e+00, 2.7165354e+00,
  -1.3751880e-01, -1.3747720e-01, -1.3729487e-01, -1.3639640e-01, -1.3310766e-01, -1.2237356e-01, -9.7539507e-02, -5.3216650e-02, 9.1989453e-03, 8.2565931e-02, 1.5602104e-01, 2.1860939e-01, 2.6240161e-01, 2.7807190e-01, 2.5551186e-01, 1.9034827e-01, 8.6340119e-02, -4.3213240e-02, -1.8007289e-01, -3.0131920e-01, -3.8206557e-01, -3.9650823e-01, -3.2908190e-01, -1.6633217e-01, 9.1627930e-02, 4.3185042e-01, 8.3202486e-01, 1.2747611e+00, 1.7434600e+00, 2.2273632e+00, 2.7195506e+00, 3.2159626e+00, 3.2142027e+00, 3.2133826e+00, 3.2130600e+00, 3.2129437e+00,
  -1.3772176e-01, -1.3768011e-01, -1.3749753e-01, -1.3659786e-01, -1.3330468e-01, -1.2255600e-01, -9.7687815e-02, -5.3302915e-02, 9.2026063e-03, 8.2680069e-02, 1.5625277e-01, 2.1895093e-01, 2.6283295e-01, 2.7855887e-01, 2.5600342e-01, 1.9078056e-01, 8.6643700e-02, -4.3101024e-02, -1.8020289e-01, -3.0172341e-01, -3.8275399e-01, -3.9746789e-01, -3.3028112e-01, -1.6772466e-01, 9.0093536e-02, 4.3022091e-01, 8.3033533e-01, 1.2730370e+00, 1.7417168e+00, 2.2256102e+00, 2.7177929e+00, 3.2142027e+00, 3.7124417e+00, 3.7116211e+00, 3.7112983e+00, 3.7111819e+00,
  -1.3781634e-01, -1.3777465e-01, -1.3759196e-01, -1.3669173e-01, -1.3339648e-01, -1.2264101e-01, -9.7756922e-02, -5.3343111e-02, 9.2043123e-03, 8.2733254e-02, 1.5636075e-01, 2.1911007e-01, 2.6303394e-01, 2.7878578e-01, 2.5623247e-01, 1.9098199e-01, 8.6785160e-02, -4.3048735e-02, -1.8026346e-01, -3.0191175e-01, -3.8307477e-01, -3.9791507e-01, -3.3083992e-01, -1.6837351e-01, 8.9378556e-02, 4.2946161e-01, 8.2954806e-01, 1.2722335e+00, 1.7409046e+00, 2.2247934e+00, 2.7169738e+00, 3.2133826e+00, 3.7116211e+00, 4.2108003e+00, 4.2104774e+00, 4.2103610e+00,
  -1.3785354e-01, -1.3781185e-01, -1.3762912e-01, -1.3672866e-01, -1.3343260e-01, -1.2267445e-01, -9.7784112e-02, -5.3358926e-02, 9.2049835e-03, 8.2754179e-02, 1.5640323e-01, 2.1917269e-01, 2.6311302e-01, 2.7887506e-01, 2.5632259e-01, 1.9106124e-01, 8.6840816e-02, -4.3028162e-02, -1.8028729e-01, -3.0198586e-01, -3.8320098e-01, -3.9809101e-01, -3.3105978e-01, -1.6862879e-01, 8.9097255e-02, 4.2916287e-01, 8.2923832e-01, 1.2719174e+00, 1.7405850e+00, 2.2244720e+00, 2.7166516e+00, 3.2130600e+00, 3.7112983e+00, 4.2104774e+00, 4.7101544e+00, 4.7100380e+00,
  -1.3786695e-01, -1.3782526e-01, -1.3764250e-01, -1.3674197e-01, -1.3344562e-01, -1.2268650e-01, -9.7793910e-02, -5.3364625e-02, 9.2052254e-03, 8.2761720e-02, 1.5641854e-01, 2.1919525e-01, 2.6314152e-01, 2.7890723e-01, 2.5635506e-01, 1.9108980e-01, 8.6860873e-02, -4.3020748e-02, -1.8029588e-01, -3.0201256e-01, -3.8324646e-01, -3.9815441e-01, -3.3113901e-01, -1.6872079e-01, 8.8995880e-02, 4.2905521e-01, 8.2912670e-01, 1.2718035e+00, 1.7404698e+00, 2.2243562e+00, 2.7165354e+00, 3.2129437e+00, 3.7111819e+00, 4.2103610e+00, 4.7100380e+00, 5.2099216e+00
];